 4401 4404 4406 4408 0.0 0.0
 4377 4366 4369 4371 120.0 2.5
 4535 4538 4540 4542 0.0 0.0
 4511 4500 4503 4505 120.0 2.5
 4669 4672 4674 4676 0.0 0.0
 4645 4634 4637 4639 120.0 2.5
 4803 4806 4808 4810 0.0 0.0
 4779 4768 4771 4773 120.0 2.5
 4937 4940 4942 4944 0.0 0.0
 4913 4902 4905 4907 120.0 2.5
 5071 5074 5076 5078 0.0 0.0
 5047 5036 5039 5041 120.0 2.5
 5205 5208 5210 5212 0.0 0.0
 5181 5170 5173 5175 120.0 2.5
 5339 5342 5344 5346 0.0 0.0
 5315 5304 5307 5309 120.0 2.5
 5473 5476 5478 5480 0.0 0.0
 5449 5438 5441 5443 120.0 2.5
 5607 5610 5612 5614 0.0 0.0
 5583 5572 5575 5577 120.0 2.5
 5741 5744 5746 5748 0.0 0.0
 5717 5706 5709 5711 120.0 2.5
 5875 5878 5880 5882 0.0 0.0
 5851 5840 5843 5845 120.0 2.5
 6009 6012 6014 6016 0.0 0.0
 5985 5974 5977 5979 120.0 2.5
 6143 6146 6148 6150 0.0 0.0
 6119 6108 6111 6113 120.0 2.5
 6277 6280 6282 6284 0.0 0.0
 6253 6242 6245 6247 120.0 2.5
 6411 6414 6416 6418 0.0 0.0
 6387 6376 6379 6381 120.0 2.5
 6545 6548 6550 6552 0.0 0.0
 6521 6510 6513 6515 120.0 2.5
 6679 6682 6684 6686 0.0 0.0
 6655 6644 6647 6649 120.0 2.5
 6813 6816 6818 6820 0.0 0.0
 6789 6778 6781 6783 120.0 2.5
 6947 6950 6952 6954 0.0 0.0
 6923 6912 6915 6917 120.0 2.5
 7081 7084 7086 7088 0.0 0.0
 7057 7046 7049 7051 120.0 2.5
 7215 7218 7220 7222 0.0 0.0
 7191 7180 7183 7185 120.0 2.5
 7349 7352 7354 7356 0.0 0.0
 7325 7314 7317 7319 120.0 2.5
 7483 7486 7488 7490 0.0 0.0
 7459 7448 7451 7453 120.0 2.5
 7617 7620 7622 7624 0.0 0.0
 7593 7582 7585 7587 120.0 2.5
 7751 7754 7756 7758 0.0 0.0
 7727 7716 7719 7721 120.0 2.5
 7885 7888 7890 7892 0.0 0.0
 7861 7850 7853 7855 120.0 2.5
 8019 8022 8024 8026 0.0 0.0
 7995 7984 7987 7989 120.0 2.5
 8153 8156 8158 8160 0.0 0.0
 8129 8118 8121 8123 120.0 2.5
 8287 8290 8292 8294 0.0 0.0
 8263 8252 8255 8257 120.0 2.5
 8421 8424 8426 8428 0.0 0.0
 8397 8386 8389 8391 120.0 2.5
 8555 8558 8560 8562 0.0 0.0
 8531 8520 8523 8525 120.0 2.5
 8689 8692 8694 8696 0.0 0.0
 8665 8654 8657 8659 120.0 2.5
 8823 8826 8828 8830 0.0 0.0
 8799 8788 8791 8793 120.0 2.5
 8957 8960 8962 8964 0.0 0.0
 8933 8922 8925 8927 120.0 2.5
 9091 9094 9096 9098 0.0 0.0
 9067 9056 9059 9061 120.0 2.5
 9225 9228 9230 9232 0.0 0.0
 9201 9190 9193 9195 120.0 2.5
 9359 9362 9364 9366 0.0 0.0
 9335 9324 9327 9329 120.0 2.5
 9493 9496 9498 9500 0.0 0.0
 9469 9458 9461 9463 120.0 2.5
 9627 9630 9632 9634 0.0 0.0
 9603 9592 9595 9597 120.0 2.5
 9761 9764 9766 9768 0.0 0.0
 9737 9726 9729 9731 120.0 2.5
 9895 9898 9900 9902 0.0 0.0
 9871 9860 9863 9865 120.0 2.5
 10029 10032 10034 10036 0.0 0.0
 10005 9994 9997 9999 120.0 2.5
 10163 10166 10168 10170 0.0 0.0
 10139 10128 10131 10133 120.0 2.5
 10297 10300 10302 10304 0.0 0.0
 10273 10262 10265 10267 120.0 2.5
 10431 10434 10436 10438 0.0 0.0
 10407 10396 10399 10401 120.0 2.5
 10565 10568 10570 10572 0.0 0.0
 10541 10530 10533 10535 120.0 2.5
 10699 10702 10704 10706 0.0 0.0
 10675 10664 10667 10669 120.0 2.5
 10833 10836 10838 10840 0.0 0.0
 10809 10798 10801 10803 120.0 2.5
 10967 10970 10972 10974 0.0 0.0
 10943 10932 10935 10937 120.0 2.5
 11101 11104 11106 11108 0.0 0.0
 11077 11066 11069 11071 120.0 2.5
 11235 11238 11240 11242 0.0 0.0
 11211 11200 11203 11205 120.0 2.5
 11369 11372 11374 11376 0.0 0.0
 11345 11334 11337 11339 120.0 2.5
 11503 11506 11508 11510 0.0 0.0
 11479 11468 11471 11473 120.0 2.5
 11637 11640 11642 11644 0.0 0.0
 11613 11602 11605 11607 120.0 2.5
 11771 11774 11776 11778 0.0 0.0
 11747 11736 11739 11741 120.0 2.5
 11905 11908 11910 11912 0.0 0.0
 11881 11870 11873 11875 120.0 2.5
 12039 12042 12044 12046 0.0 0.0
 12015 12004 12007 12009 120.0 2.5
 12173 12176 12178 12180 0.0 0.0
 12149 12138 12141 12143 120.0 2.5
 12307 12310 12312 12314 0.0 0.0
 12283 12272 12275 12277 120.0 2.5
 12441 12444 12446 12448 0.0 0.0
 12417 12406 12409 12411 120.0 2.5
 12575 12578 12580 12582 0.0 0.0
 12551 12540 12543 12545 120.0 2.5
 12709 12712 12714 12716 0.0 0.0
 12685 12674 12677 12679 120.0 2.5
 12843 12846 12848 12850 0.0 0.0
 12819 12808 12811 12813 120.0 2.5
 12977 12980 12982 12984 0.0 0.0
 12953 12942 12945 12947 120.0 2.5
 13111 13114 13116 13118 0.0 0.0
 13087 13076 13079 13081 120.0 2.5
 13245 13248 13250 13252 0.0 0.0
 13221 13210 13213 13215 120.0 2.5
 13379 13382 13384 13386 0.0 0.0
 13355 13344 13347 13349 120.0 2.5
 13513 13516 13518 13520 0.0 0.0
 13489 13478 13481 13483 120.0 2.5
 13647 13650 13652 13654 0.0 0.0
 13623 13612 13615 13617 120.0 2.5
 13781 13784 13786 13788 0.0 0.0
 13757 13746 13749 13751 120.0 2.5
 13915 13918 13920 13922 0.0 0.0
 13891 13880 13883 13885 120.0 2.5
 14049 14052 14054 14056 0.0 0.0
 14025 14014 14017 14019 120.0 2.5
 14183 14186 14188 14190 0.0 0.0
 14159 14148 14151 14153 120.0 2.5
 14317 14320 14322 14324 0.0 0.0
 14293 14282 14285 14287 120.0 2.5
 14451 14454 14456 14458 0.0 0.0
 14427 14416 14419 14421 120.0 2.5
 14585 14588 14590 14592 0.0 0.0
 14561 14550 14553 14555 120.0 2.5
 14719 14722 14724 14726 0.0 0.0
 14695 14684 14687 14689 120.0 2.5
 14853 14856 14858 14860 0.0 0.0
 14829 14818 14821 14823 120.0 2.5
 14987 14990 14992 14994 0.0 0.0
 14963 14952 14955 14957 120.0 2.5
 15121 15124 15126 15128 0.0 0.0
 15097 15086 15089 15091 120.0 2.5
 15255 15258 15260 15262 0.0 0.0
 15231 15220 15223 15225 120.0 2.5
 15389 15392 15394 15396 0.0 0.0
 15365 15354 15357 15359 120.0 2.5
 15523 15526 15528 15530 0.0 0.0
 15499 15488 15491 15493 120.0 2.5
 15657 15660 15662 15664 0.0 0.0
 15633 15622 15625 15627 120.0 2.5
 15791 15794 15796 15798 0.0 0.0
 15767 15756 15759 15761 120.0 2.5
 15925 15928 15930 15932 0.0 0.0
 15901 15890 15893 15895 120.0 2.5
 16059 16062 16064 16066 0.0 0.0
 16035 16024 16027 16029 120.0 2.5
 16193 16196 16198 16200 0.0 0.0
 16169 16158 16161 16163 120.0 2.5
 16327 16330 16332 16334 0.0 0.0
 16303 16292 16295 16297 120.0 2.5
 16461 16464 16466 16468 0.0 0.0
 16437 16426 16429 16431 120.0 2.5
 16595 16598 16600 16602 0.0 0.0
 16571 16560 16563 16565 120.0 2.5
 16729 16732 16734 16736 0.0 0.0
 16705 16694 16697 16699 120.0 2.5
 16863 16866 16868 16870 0.0 0.0
 16839 16828 16831 16833 120.0 2.5
 16997 17000 17002 17004 0.0 0.0
 16973 16962 16965 16967 120.0 2.5
 17131 17134 17136 17138 0.0 0.0
 17107 17096 17099 17101 120.0 2.5
 17265 17268 17270 17272 0.0 0.0
 17241 17230 17233 17235 120.0 2.5
 17399 17402 17404 17406 0.0 0.0
 17375 17364 17367 17369 120.0 2.5
 17533 17536 17538 17540 0.0 0.0
 17509 17498 17501 17503 120.0 2.5
 17667 17670 17672 17674 0.0 0.0
 17643 17632 17635 17637 120.0 2.5
 17801 17804 17806 17808 0.0 0.0
 17777 17766 17769 17771 120.0 2.5
 17935 17938 17940 17942 0.0 0.0
 17911 17900 17903 17905 120.0 2.5
 18069 18072 18074 18076 0.0 0.0
 18045 18034 18037 18039 120.0 2.5
 18203 18206 18208 18210 0.0 0.0
 18179 18168 18171 18173 120.0 2.5
 18337 18340 18342 18344 0.0 0.0
 18313 18302 18305 18307 120.0 2.5
 18471 18474 18476 18478 0.0 0.0
 18447 18436 18439 18441 120.0 2.5
 18605 18608 18610 18612 0.0 0.0
 18581 18570 18573 18575 120.0 2.5
 18739 18742 18744 18746 0.0 0.0
 18715 18704 18707 18709 120.0 2.5
 18873 18876 18878 18880 0.0 0.0
 18849 18838 18841 18843 120.0 2.5
 19007 19010 19012 19014 0.0 0.0
 18983 18972 18975 18977 120.0 2.5
