 4361
 4495
 4629
 4763
 4897
 5031
 5165
 5299
 5433
 5567
 5701
 5835
 5969
 6103
 6237
 6371
 6505
 6639
 6773
 6907
 7041
 7175
 7309
 7443
 7577
 7711
 7845
 7979
 8113
 8247
 8381
 8515
 8649
 8783
 8917
 9051
 9185
 9319
 9453
 9587
 9721
 9855
 9989
 10123
 10257
 10391
 10525
 10659
 10793
 10927
 11061
 11195
 11329
 11463
 11597
 11731
 11865
 11999
 12133
 12267
 12401
 12535
 12669
 12803
 12937
 13071
 13205
 13339
 13473
 13607
 13741
 13875
 14009
 14143
 14277
 14411
 14545
 14679
 14813
 14947
 15081
 15215
 15349
 15483
 15617
 15751
 15885
 16019
 16153
 16287
 16421
 16555
 16689
 16823
 16957
 17091
 17225
 17359
 17493
 17627
 17761
 17895
 18029
 18163
 18297
 18431
 18565
 18699
 18833
 18967
